5 5 0
4.21783 5 0.0615583
3.45492 5 0.244717
2.73005 5 0.544967
2.06107 5 0.954915
1.46447 5 1.46447
0.954915 5 2.06107
0.544967 5 2.73005
0.244717 5 3.45492
0.0615583 5 4.21783
0 5 5
0.0615583 5 5.78217
0.244717 5 6.54508
0.544967 5 7.26995
0.954915 5 7.93893
1.46447 5 8.53553
2.06107 5 9.04508
2.73005 5 9.45503
3.45492 5 9.75528
4.21783 5 9.93844
5 5 10

5 5 0
4.23492 4.83738 0.0615583
3.48868 4.67876 0.244717
2.77965 4.52805 0.544967
2.1253 4.38896 0.954915
1.54173 4.26492 1.46447
1.04331 4.15898 2.06107
0.642321 4.07375 2.73005
0.348632 4.01132 3.45492
0.169475 3.97324 4.21783
0.109262 3.96044 5
0.169475 3.97324 5.78217
0.348632 4.01132 6.54508
0.642321 4.07375 7.26995
1.04331 4.15898 7.93893
1.54173 4.26492 8.53553
2.1253 4.38896 9.04508
2.77965 4.52805 9.45503
3.48868 4.67876 9.75528
4.23492 4.83738 9.93844
5 5 10

5 5 0
4.28545 4.68186 0.0615583
3.58849 4.37156 0.244717
2.9263 4.07673 0.544967
2.31516 3.80463 0.954915
1.77013 3.56197 1.46447
1.30463 3.35472 2.06107
0.930125 3.18797 2.73005
0.655833 3.06585 3.45492
0.488509 2.99135 4.21783
0.432273 2.96632 5
0.488509 2.99135 5.78217
0.655833 3.06585 6.54508
0.930125 3.18797 7.26995
1.30463 3.35472 7.93893
1.77013 3.56197 8.53553
2.31516 3.80463 9.04508
2.9263 4.07673 9.45503
3.58849 4.37156 9.75528
4.28545 4.68186 9.93844
5 5 10

5 5 0
4.36721 4.54025 0.0615583
3.75 4.09182 0.244717
3.16357 3.66576 0.544967
2.62236 3.27254 0.954915
2.13969 2.92187 1.46447
1.72746 2.62236 2.06107
1.3958 2.3814 2.73005
1.1529 2.20492 3.45492
1.00472 2.09726 4.21783
0.954915 2.06107 5
1.00472 2.09726 5.78217
1.1529 2.20492 6.54508
1.3958 2.3814 7.26995
1.72746 2.62236 7.93893
2.13969 2.92187 8.53553
2.62236 3.27254 9.04508
3.16357 3.66576 9.45503
3.75 4.09182 9.75528
4.36721 4.54025 9.93844
5 5 10

5 5 0
4.47662 4.41873 0.0615583
3.96614 3.85178 0.244717
3.48111 3.3131 0.544967
3.03347 2.81595 0.954915
2.63427 2.37259 1.46447
2.29331 1.99392 2.06107
2.019 1.68927 2.73005
1.81809 1.46614 3.45492
1.69554 1.33002 4.21783
1.65435 1.28428 5
1.69554 1.33002 5.78217
1.81809 1.46614 6.54508
2.019 1.68927 7.26995
2.29331 1.99392 7.93893
2.63427 2.37259 8.53553
3.03347 2.81595 9.04508
3.48111 3.3131 9.45503
3.96614 3.85178 9.75528
4.47662 4.41873 9.93844
5 5 10

5 5 0
4.60891 4.32262 0.0615583
4.22746 3.66192 0.244717
3.86502 3.03416 0.544967
3.53054 2.45482 0.954915
3.23223 1.93814 1.46447
2.97746 1.49685 2.06107
2.77248 1.14183 2.73005
2.62236 0.881804 3.45492
2.53078 0.723184 4.21783
2.5 0.669873 5
2.53078 0.723184 5.78217
2.62236 0.881804 6.54508
2.77248 1.14183 7.26995
2.97746 1.49685 7.93893
3.23223 1.93814 8.53553
3.53054 2.45482 9.04508
3.86502 3.03416 9.45503
4.22746 3.66192 9.75528
4.60891 4.32262 9.93844
5 5 10

5 5 0
4.7583 4.25611 0.0615583
4.52254 3.53054 0.244717
4.29855 2.84115 0.544967
4.09182 2.20492 0.954915
3.90746 1.63751 1.46447
3.75 1.1529 2.06107
3.62332 0.763012 2.73005
3.53054 0.477458 3.45492
3.47394 0.303263 4.21783
3.45492 0.244717 5
3.47394 0.303263 5.78217
3.53054 0.477458 6.54508
3.62332 0.763012 7.26995
3.75 1.1529 7.93893
3.90746 1.63751 8.53553
4.09182 2.20492 9.04508
4.29855 2.84115 9.45503
4.52254 3.53054 9.75528
4.7583 4.25611 9.93844
5 5 10

5 5 0
4.91824 4.22211 0.0615583
4.83849 3.46338 0.244717
4.76273 2.74248 0.544967
4.6928 2.07717 0.954915
4.63044 1.48383 1.46447
4.57717 0.977074 2.06107
4.53432 0.569373 2.73005
4.50294 0.270767 3.45492
4.48379 0.0886116 4.21783
4.47736 0.0273905 5
4.48379 0.0886116 5.78217
4.50294 0.270767 6.54508
4.53432 0.569373 7.26995
4.57717 0.977074 7.93893
4.63044 1.48383 8.53553
4.6928 2.07717 9.04508
4.76273 2.74248 9.45503
4.83849 3.46338 9.75528
4.91824 4.22211 9.93844
5 5 10

5 5 0
5.08176 4.22211 0.0615583
5.16151 3.46338 0.244717
5.23727 2.74248 0.544967
5.3072 2.07717 0.954915
5.36956 1.48383 1.46447
5.42283 0.977074 2.06107
5.46568 0.569373 2.73005
5.49706 0.270767 3.45492
5.51621 0.0886116 4.21783
5.52264 0.0273905 5
5.51621 0.0886116 5.78217
5.49706 0.270767 6.54508
5.46568 0.569373 7.26995
5.42283 0.977074 7.93893
5.36956 1.48383 8.53553
5.3072 2.07717 9.04508
5.23727 2.74248 9.45503
5.16151 3.46338 9.75528
5.08176 4.22211 9.93844
5 5 10

5 5 0
5.2417 4.25611 0.0615583
5.47746 3.53054 0.244717
5.70145 2.84115 0.544967
5.90818 2.20492 0.954915
6.09254 1.63751 1.46447
6.25 1.1529 2.06107
6.37668 0.763012 2.73005
6.46946 0.477458 3.45492
6.52606 0.303263 4.21783
6.54508 0.244717 5
6.52606 0.303263 5.78217
6.46946 0.477458 6.54508
6.37668 0.763012 7.26995
6.25 1.1529 7.93893
6.09254 1.63751 8.53553
5.90818 2.20492 9.04508
5.70145 2.84115 9.45503
5.47746 3.53054 9.75528
5.2417 4.25611 9.93844
5 5 10

5 5 0
5.39109 4.32262 0.0615583
5.77254 3.66192 0.244717
6.13498 3.03416 0.544967
6.46946 2.45482 0.954915
6.76777 1.93814 1.46447
7.02254 1.49685 2.06107
7.22752 1.14183 2.73005
7.37764 0.881804 3.45492
7.46922 0.723184 4.21783
7.5 0.669873 5
7.46922 0.723184 5.78217
7.37764 0.881804 6.54508
7.22752 1.14183 7.26995
7.02254 1.49685 7.93893
6.76777 1.93814 8.53553
6.46946 2.45482 9.04508
6.13498 3.03416 9.45503
5.77254 3.66192 9.75528
5.39109 4.32262 9.93844
5 5 10

5 5 0
5.52338 4.41873 0.0615583
6.03386 3.85178 0.244717
6.51889 3.3131 0.544967
6.96653 2.81595 0.954915
7.36573 2.37259 1.46447
7.70669 1.99392 2.06107
7.981 1.68927 2.73005
8.18191 1.46614 3.45492
8.30446 1.33002 4.21783
8.34565 1.28428 5
8.30446 1.33002 5.78217
8.18191 1.46614 6.54508
7.981 1.68927 7.26995
7.70669 1.99392 7.93893
7.36573 2.37259 8.53553
6.96653 2.81595 9.04508
6.51889 3.3131 9.45503
6.03386 3.85178 9.75528
5.52338 4.41873 9.93844
5 5 10

5 5 0
5.63279 4.54025 0.0615583
6.25 4.09182 0.244717
6.83643 3.66576 0.544967
7.37764 3.27254 0.954915
7.86031 2.92187 1.46447
8.27254 2.62236 2.06107
8.6042 2.3814 2.73005
8.8471 2.20492 3.45492
8.99528 2.09726 4.21783
9.04508 2.06107 5
8.99528 2.09726 5.78217
8.8471 2.20492 6.54508
8.6042 2.3814 7.26995
8.27254 2.62236 7.93893
7.86031 2.92187 8.53553
7.37764 3.27254 9.04508
6.83643 3.66576 9.45503
6.25 4.09182 9.75528
5.63279 4.54025 9.93844
5 5 10

5 5 0
5.71455 4.68186 0.0615583
6.41151 4.37156 0.244717
7.0737 4.07673 0.544967
7.68484 3.80463 0.954915
8.22987 3.56197 1.46447
8.69537 3.35472 2.06107
9.06987 3.18797 2.73005
9.34417 3.06585 3.45492
9.51149 2.99135 4.21783
9.56773 2.96632 5
9.51149 2.99135 5.78217
9.34417 3.06585 6.54508
9.06987 3.18797 7.26995
8.69537 3.35472 7.93893
8.22987 3.56197 8.53553
7.68484 3.80463 9.04508
7.0737 4.07673 9.45503
6.41151 4.37156 9.75528
5.71455 4.68186 9.93844
5 5 10

5 5 0
5.76508 4.83738 0.0615583
6.51132 4.67876 0.244717
7.22035 4.52805 0.544967
7.8747 4.38896 0.954915
8.45827 4.26492 1.46447
8.95669 4.15898 2.06107
9.35768 4.07375 2.73005
9.65137 4.01132 3.45492
9.83052 3.97324 4.21783
9.89074 3.96044 5
9.83052 3.97324 5.78217
9.65137 4.01132 6.54508
9.35768 4.07375 7.26995
8.95669 4.15898 7.93893
8.45827 4.26492 8.53553
7.8747 4.38896 9.04508
7.22035 4.52805 9.45503
6.51132 4.67876 9.75528
5.76508 4.83738 9.93844
5 5 10

5 5 0
5.78217 5 0.0615583
6.54508 5 0.244717
7.26995 5 0.544967
7.93893 5 0.954915
8.53553 5 1.46447
9.04508 5 2.06107
9.45503 5 2.73005
9.75528 5 3.45492
9.93844 5 4.21783
10 5 5
9.93844 5 5.78217
9.75528 5 6.54508
9.45503 5 7.26995
9.04508 5 7.93893
8.53553 5 8.53553
7.93893 5 9.04508
7.26995 5 9.45503
6.54508 5 9.75528
5.78217 5 9.93844
5 5 10

5 5 0
5.76508 5.16262 0.0615583
6.51132 5.32124 0.244717
7.22035 5.47195 0.544967
7.8747 5.61104 0.954915
8.45827 5.73508 1.46447
8.95669 5.84102 2.06107
9.35768 5.92625 2.73005
9.65137 5.98868 3.45492
9.83052 6.02676 4.21783
9.89074 6.03956 5
9.83052 6.02676 5.78217
9.65137 5.98868 6.54508
9.35768 5.92625 7.26995
8.95669 5.84102 7.93893
8.45827 5.73508 8.53553
7.8747 5.61104 9.04508
7.22035 5.47195 9.45503
6.51132 5.32124 9.75528
5.76508 5.16262 9.93844
5 5 10

5 5 0
5.71455 5.31814 0.0615583
6.41151 5.62844 0.244717
7.0737 5.92327 0.544967
7.68484 6.19537 0.954915
8.22987 6.43803 1.46447
8.69537 6.64528 2.06107
9.06987 6.81203 2.73005
9.34417 6.93415 3.45492
9.51149 7.00865 4.21783
9.56773 7.03368 5
9.51149 7.00865 5.78217
9.34417 6.93415 6.54508
9.06987 6.81203 7.26995
8.69537 6.64528 7.93893
8.22987 6.43803 8.53553
7.68484 6.19537 9.04508
7.0737 5.92327 9.45503
6.41151 5.62844 9.75528
5.71455 5.31814 9.93844
5 5 10

5 5 0
5.63279 5.45975 0.0615583
6.25 5.90818 0.244717
6.83643 6.33424 0.544967
7.37764 6.72746 0.954915
7.86031 7.07813 1.46447
8.27254 7.37764 2.06107
8.6042 7.6186 2.73005
8.8471 7.79508 3.45492
8.99528 7.90274 4.21783
9.04508 7.93893 5
8.99528 7.90274 5.78217
8.8471 7.79508 6.54508
8.6042 7.6186 7.26995
8.27254 7.37764 7.93893
7.86031 7.07813 8.53553
7.37764 6.72746 9.04508
6.83643 6.33424 9.45503
6.25 5.90818 9.75528
5.63279 5.45975 9.93844
5 5 10

5 5 0
5.52338 5.58127 0.0615583
6.03386 6.14822 0.244717
6.51889 6.6869 0.544967
6.96653 7.18405 0.954915
7.36573 7.62741 1.46447
7.70669 8.00608 2.06107
7.981 8.31073 2.73005
8.18191 8.53386 3.45492
8.30446 8.66998 4.21783
8.34565 8.71572 5
8.30446 8.66998 5.78217
8.18191 8.53386 6.54508
7.981 8.31073 7.26995
7.70669 8.00608 7.93893
7.36573 7.62741 8.53553
6.96653 7.18405 9.04508
6.51889 6.6869 9.45503
6.03386 6.14822 9.75528
5.52338 5.58127 9.93844
5 5 10

5 5 0
5.39109 5.67738 0.0615583
5.77254 6.33808 0.244717
6.13498 6.96584 0.544967
6.46946 7.54518 0.954915
6.76777 8.06186 1.46447
7.02254 8.50315 2.06107
7.22752 8.85817 2.73005
7.37764 9.1182 3.45492
7.46922 9.27682 4.21783
7.5 9.33013 5
7.46922 9.27682 5.78217
7.37764 9.1182 6.54508
7.22752 8.85817 7.26995
7.02254 8.50315 7.93893
6.76777 8.06186 8.53553
6.46946 7.54518 9.04508
6.13498 6.96584 9.45503
5.77254 6.33808 9.75528
5.39109 5.67738 9.93844
5 5 10

5 5 0
5.2417 5.74389 0.0615583
5.47746 6.46946 0.244717
5.70145 7.15885 0.544967
5.90818 7.79508 0.954915
6.09254 8.36249 1.46447
6.25 8.8471 2.06107
6.37668 9.23699 2.73005
6.46946 9.52254 3.45492
6.52606 9.69674 4.21783
6.54508 9.75528 5
6.52606 9.69674 5.78217
6.46946 9.52254 6.54508
6.37668 9.23699 7.26995
6.25 8.8471 7.93893
6.09254 8.36249 8.53553
5.90818 7.79508 9.04508
5.70145 7.15885 9.45503
5.47746 6.46946 9.75528
5.2417 5.74389 9.93844
5 5 10

5 5 0
5.08176 5.77789 0.0615583
5.16151 6.53662 0.244717
5.23727 7.25752 0.544967
5.3072 7.92283 0.954915
5.36956 8.51617 1.46447
5.42283 9.02293 2.06107
5.46568 9.43063 2.73005
5.49706 9.72923 3.45492
5.51621 9.91139 4.21783
5.52264 9.97261 5
5.51621 9.91139 5.78217
5.49706 9.72923 6.54508
5.46568 9.43063 7.26995
5.42283 9.02293 7.93893
5.36956 8.51617 8.53553
5.3072 7.92283 9.04508
5.23727 7.25752 9.45503
5.16151 6.53662 9.75528
5.08176 5.77789 9.93844
5 5 10

5 5 0
4.91824 5.77789 0.0615583
4.83849 6.53662 0.244717
4.76273 7.25752 0.544967
4.6928 7.92283 0.954915
4.63044 8.51617 1.46447
4.57717 9.02293 2.06107
4.53432 9.43063 2.73005
4.50294 9.72923 3.45492
4.48379 9.91139 4.21783
4.47736 9.97261 5
4.48379 9.91139 5.78217
4.50294 9.72923 6.54508
4.53432 9.43063 7.26995
4.57717 9.02293 7.93893
4.63044 8.51617 8.53553
4.6928 7.92283 9.04508
4.76273 7.25752 9.45503
4.83849 6.53662 9.75528
4.91824 5.77789 9.93844
5 5 10

5 5 0
4.7583 5.74389 0.0615583
4.52254 6.46946 0.244717
4.29855 7.15885 0.544967
4.09182 7.79508 0.954915
3.90746 8.36249 1.46447
3.75 8.8471 2.06107
3.62332 9.23699 2.73005
3.53054 9.52254 3.45492
3.47394 9.69674 4.21783
3.45492 9.75528 5
3.47394 9.69674 5.78217
3.53054 9.52254 6.54508
3.62332 9.23699 7.26995
3.75 8.8471 7.93893
3.90746 8.36249 8.53553
4.09182 7.79508 9.04508
4.29855 7.15885 9.45503
4.52254 6.46946 9.75528
4.7583 5.74389 9.93844
5 5 10

5 5 0
4.60891 5.67738 0.0615583
4.22746 6.33808 0.244717
3.86502 6.96584 0.544967
3.53054 7.54518 0.954915
3.23223 8.06186 1.46447
2.97746 8.50315 2.06107
2.77248 8.85817 2.73005
2.62236 9.1182 3.45492
2.53078 9.27682 4.21783
2.5 9.33013 5
2.53078 9.27682 5.78217
2.62236 9.1182 6.54508
2.77248 8.85817 7.26995
2.97746 8.50315 7.93893
3.23223 8.06186 8.53553
3.53054 7.54518 9.04508
3.86502 6.96584 9.45503
4.22746 6.33808 9.75528
4.60891 5.67738 9.93844
5 5 10

5 5 0
4.47662 5.58127 0.0615583
3.96614 6.14822 0.244717
3.48111 6.6869 0.544967
3.03347 7.18405 0.954915
2.63427 7.62741 1.46447
2.29331 8.00608 2.06107
2.019 8.31073 2.73005
1.81809 8.53386 3.45492
1.69554 8.66998 4.21783
1.65435 8.71572 5
1.69554 8.66998 5.78217
1.81809 8.53386 6.54508
2.019 8.31073 7.26995
2.29331 8.00608 7.93893
2.63427 7.62741 8.53553
3.03347 7.18405 9.04508
3.48111 6.6869 9.45503
3.96614 6.14822 9.75528
4.47662 5.58127 9.93844
5 5 10

5 5 0
4.36721 5.45975 0.0615583
3.75 5.90818 0.244717
3.16357 6.33424 0.544967
2.62236 6.72746 0.954915
2.13969 7.07813 1.46447
1.72746 7.37764 2.06107
1.3958 7.6186 2.73005
1.1529 7.79508 3.45492
1.00472 7.90274 4.21783
0.954915 7.93893 5
1.00472 7.90274 5.78217
1.1529 7.79508 6.54508
1.3958 7.6186 7.26995
1.72746 7.37764 7.93893
2.13969 7.07813 8.53553
2.62236 6.72746 9.04508
3.16357 6.33424 9.45503
3.75 5.90818 9.75528
4.36721 5.45975 9.93844
5 5 10

5 5 0
4.28545 5.31814 0.0615583
3.58849 5.62844 0.244717
2.9263 5.92327 0.544967
2.31516 6.19537 0.954915
1.77013 6.43803 1.46447
1.30463 6.64528 2.06107
0.930125 6.81203 2.73005
0.655833 6.93415 3.45492
0.488509 7.00865 4.21783
0.432273 7.03368 5
0.488509 7.00865 5.78217
0.655833 6.93415 6.54508
0.930125 6.81203 7.26995
1.30463 6.64528 7.93893
1.77013 6.43803 8.53553
2.31516 6.19537 9.04508
2.9263 5.92327 9.45503
3.58849 5.62844 9.75528
4.28545 5.31814 9.93844
5 5 10

5 5 0
4.23492 5.16262 0.0615583
3.48868 5.32124 0.244717
2.77965 5.47195 0.544967
2.1253 5.61104 0.954915
1.54173 5.73508 1.46447
1.04331 5.84102 2.06107
0.642321 5.92625 2.73005
0.348632 5.98868 3.45492
0.169475 6.02676 4.21783
0.109262 6.03956 5
0.169475 6.02676 5.78217
0.348632 5.98868 6.54508
0.642321 5.92625 7.26995
1.04331 5.84102 7.93893
1.54173 5.73508 8.53553
2.1253 5.61104 9.04508
2.77965 5.47195 9.45503
3.48868 5.32124 9.75528
4.23492 5.16262 9.93844
5 5 10

5 5 0
4.21783 5 0.0615583
3.45492 5 0.244717
2.73005 5 0.544967
2.06107 5 0.954915
1.46447 5 1.46447
0.954915 5 2.06107
0.544967 5 2.73005
0.244717 5 3.45492
0.0615583 5 4.21783
0 5 5
0.0615583 5 5.78217
0.244717 5 6.54508
0.544967 5 7.26995
0.954915 5 7.93893
1.46447 5 8.53553
2.06107 5 9.04508
2.73005 5 9.45503
3.45492 5 9.75528
4.21783 5 9.93844
5 5 10

