4 1 1
3.99954 1.05236 1
3.99817 1.1047 1
3.99589 1.15701 1
3.99269 1.20927 1
3.98858 1.26147 1
3.98357 1.31359 1
3.97764 1.36561 1
3.9708 1.41752 1
3.96307 1.4693 1
3.95442 1.52094 1
3.94488 1.57243 1
3.93444 1.62374 1
3.92311 1.67485 1
3.91089 1.72577 1
3.89778 1.77646 1
3.88379 1.82691 1
3.86891 1.87712 1
3.85317 1.92705 1
3.83656 1.9767 1
3.81908 2.02606 1
3.80074 2.0751 1
3.78155 2.12382 1
3.76151 2.17219 1
3.74064 2.22021 1
3.71892 2.26785 1
3.69638 2.31511 1
3.67302 2.36197 1
3.64884 2.40841 1
3.62386 2.45443 1
3.59808 2.5 1
3.5715 2.54511 1
3.54414 2.58976 1
3.51601 2.63392 1
3.48711 2.67758 1
3.45746 2.72073 1
3.42705 2.76336 1
3.39591 2.80545 1
3.36403 2.84698 1
3.33144 2.88796 1
3.29813 2.92836 1
3.26413 2.96818 1
3.22943 3.00739 1
3.19406 3.046 1
3.15802 3.08398 1
3.12132 3.12132 1
3.08398 3.15802 1
3.046 3.19406 1
3.00739 3.22943 1
2.96818 3.26413 1
2.92836 3.29813 1
2.88796 3.33144 1
2.84698 3.36403 1
2.80545 3.39591 1
2.76336 3.42705 1
2.72073 3.45746 1
2.67758 3.48711 1
2.63392 3.51601 1
2.58976 3.54414 1
2.54511 3.5715 1
2.5 3.59808 1
2.45443 3.62386 1
2.40841 3.64884 1
2.36197 3.67302 1
2.31511 3.69638 1
2.26785 3.71892 1
2.22021 3.74064 1
2.17219 3.76151 1
2.12382 3.78155 1
2.0751 3.80074 1
2.02606 3.81908 1
1.9767 3.83656 1
1.92705 3.85317 1
1.87712 3.86891 1
1.82691 3.88379 1
1.77646 3.89778 1
1.72577 3.91089 1
1.67485 3.92311 1
1.62374 3.93444 1
1.57243 3.94488 1
1.52094 3.95442 1
1.4693 3.96307 1
1.41752 3.9708 1
1.36561 3.97764 1
1.31359 3.98357 1
1.26147 3.98858 1
1.20927 3.99269 1
1.15701 3.99589 1
1.1047 3.99817 1
1.05236 3.99954 1
1 4 1
0.947643 3.99954 1
0.895302 3.99817 1
0.842992 3.99589 1
0.790731 3.99269 1
0.738533 3.98858 1
0.686415 3.98357 1
0.634392 3.97764 1
0.582481 3.9708 1
0.530697 3.96307 1
0.479055 3.95442 1
0.427573 3.94488 1
0.376265 3.93444 1
0.325147 3.92311 1
0.274234 3.91089 1
0.223543 3.89778 1
0.173088 3.88379 1
0.122885 3.86891 1
0.072949 3.85317 1
0.0232955 3.83656 1
-0.0260604 3.81908 1
-0.0751038 3.80074 1
-0.12382 3.78155 1
-0.172193 3.76151 1
-0.22021 3.74064 1
-0.267855 3.71892 1
-0.315113 3.69638 1
-0.361971 3.67302 1
-0.408415 3.64884 1
-0.454429 3.62386 1
-0.5 3.59808 1
-0.545114 3.5715 1
-0.589758 3.54414 1
-0.633917 3.51601 1
-0.677579 3.48711 1
-0.720729 3.45746 1
-0.763356 3.42705 1
-0.805445 3.39591 1
-0.846984 3.36403 1
-0.887961 3.33144 1
-0.928363 3.29813 1
-0.968177 3.26413 1
-1.00739 3.22943 1
-1.046 3.19406 1
-1.08398 3.15802 1
-1.12132 3.12132 1
-1.15802 3.08398 1
-1.19406 3.046 1
-1.22943 3.00739 1
-1.26413 2.96818 1
-1.29813 2.92836 1
-1.33144 2.88796 1
-1.36403 2.84698 1
-1.39591 2.80545 1
-1.42705 2.76336 1
-1.45746 2.72073 1
-1.48711 2.67758 1
-1.51601 2.63392 1
-1.54414 2.58976 1
-1.5715 2.54511 1
-1.59808 2.5 1
-1.62386 2.45443 1
-1.64884 2.40841 1
-1.67302 2.36197 1
-1.69638 2.31511 1
-1.71892 2.26785 1
-1.74064 2.22021 1
-1.76151 2.17219 1
-1.78155 2.12382 1
-1.80074 2.0751 1
-1.81908 2.02606 1
-1.83656 1.9767 1
-1.85317 1.92705 1
-1.86891 1.87712 1
-1.88379 1.82691 1
-1.89778 1.77646 1
-1.91089 1.72577 1
-1.92311 1.67485 1
-1.93444 1.62374 1
-1.94488 1.57243 1
-1.95442 1.52094 1
-1.96307 1.4693 1
-1.9708 1.41752 1
-1.97764 1.36561 1
-1.98357 1.31359 1
-1.98858 1.26147 1
-1.99269 1.20927 1
-1.99589 1.15701 1
-1.99817 1.1047 1
-1.99954 1.05236 1
-2 1 1
-1.99954 0.947643 1
-1.99817 0.895302 1
-1.99589 0.842992 1
-1.99269 0.790731 1
-1.98858 0.738533 1
-1.98357 0.686415 1
-1.97764 0.634392 1
-1.9708 0.582481 1
-1.96307 0.530697 1
-1.95442 0.479055 1
-1.94488 0.427573 1
-1.93444 0.376265 1
-1.92311 0.325147 1
-1.91089 0.274234 1
-1.89778 0.223543 1
-1.88379 0.173088 1
-1.86891 0.122885 1
-1.85317 0.072949 1
-1.83656 0.0232955 1
-1.81908 -0.0260604 1
-1.80074 -0.0751038 1
-1.78155 -0.12382 1
-1.76151 -0.172193 1
-1.74064 -0.22021 1
-1.71892 -0.267855 1
-1.69638 -0.315113 1
-1.67302 -0.361971 1
-1.64884 -0.408415 1
-1.62386 -0.454429 1
-1.59808 -0.5 1
-1.5715 -0.545114 1
-1.54414 -0.589758 1
-1.51601 -0.633917 1
-1.48711 -0.677579 1
-1.45746 -0.720729 1
-1.42705 -0.763356 1
-1.39591 -0.805445 1
-1.36403 -0.846984 1
-1.33144 -0.887961 1
-1.29813 -0.928363 1
-1.26413 -0.968177 1
-1.22943 -1.00739 1
-1.19406 -1.046 1
-1.15802 -1.08398 1
-1.12132 -1.12132 1
-1.08398 -1.15802 1
-1.046 -1.19406 1
-1.00739 -1.22943 1
-0.968177 -1.26413 1
-0.928363 -1.29813 1
-0.887961 -1.33144 1
-0.846984 -1.36403 1
-0.805445 -1.39591 1
-0.763356 -1.42705 1
-0.720729 -1.45746 1
-0.677579 -1.48711 1
-0.633917 -1.51601 1
-0.589758 -1.54414 1
-0.545114 -1.5715 1
-0.5 -1.59808 1
-0.454429 -1.62386 1
-0.408415 -1.64884 1
-0.361971 -1.67302 1
-0.315113 -1.69638 1
-0.267855 -1.71892 1
-0.22021 -1.74064 1
-0.172193 -1.76151 1
-0.12382 -1.78155 1
-0.0751038 -1.80074 1
-0.0260604 -1.81908 1
0.0232955 -1.83656 1
0.072949 -1.85317 1
0.122885 -1.86891 1
0.173088 -1.88379 1
0.223543 -1.89778 1
0.274234 -1.91089 1
0.325147 -1.92311 1
0.376265 -1.93444 1
0.427573 -1.94488 1
0.479055 -1.95442 1
0.530697 -1.96307 1
0.582481 -1.9708 1
0.634392 -1.97764 1
0.686415 -1.98357 1
0.738533 -1.98858 1
0.790731 -1.99269 1
0.842992 -1.99589 1
0.895302 -1.99817 1
0.947643 -1.99954 1
1 -2 1
1.05236 -1.99954 1
1.1047 -1.99817 1
1.15701 -1.99589 1
1.20927 -1.99269 1
1.26147 -1.98858 1
1.31359 -1.98357 1
1.36561 -1.97764 1
1.41752 -1.9708 1
1.4693 -1.96307 1
1.52094 -1.95442 1
1.57243 -1.94488 1
1.62374 -1.93444 1
1.67485 -1.92311 1
1.72577 -1.91089 1
1.77646 -1.89778 1
1.82691 -1.88379 1
1.87712 -1.86891 1
1.92705 -1.85317 1
1.9767 -1.83656 1
2.02606 -1.81908 1
2.0751 -1.80074 1
2.12382 -1.78155 1
2.17219 -1.76151 1
2.22021 -1.74064 1
2.26785 -1.71892 1
2.31511 -1.69638 1
2.36197 -1.67302 1
2.40841 -1.64884 1
2.45443 -1.62386 1
2.5 -1.59808 1
2.54511 -1.5715 1
2.58976 -1.54414 1
2.63392 -1.51601 1
2.67758 -1.48711 1
2.72073 -1.45746 1
2.76336 -1.42705 1
2.80545 -1.39591 1
2.84698 -1.36403 1
2.88796 -1.33144 1
2.92836 -1.29813 1
2.96818 -1.26413 1
3.00739 -1.22943 1
3.046 -1.19406 1
3.08398 -1.15802 1
3.12132 -1.12132 1
3.15802 -1.08398 1
3.19406 -1.046 1
3.22943 -1.00739 1
3.26413 -0.968177 1
3.29813 -0.928363 1
3.33144 -0.887961 1
3.36403 -0.846984 1
3.39591 -0.805445 1
3.42705 -0.763356 1
3.45746 -0.720729 1
3.48711 -0.677579 1
3.51601 -0.633917 1
3.54414 -0.589758 1
3.5715 -0.545114 1
3.59808 -0.5 1
3.62386 -0.454429 1
3.64884 -0.408415 1
3.67302 -0.361971 1
3.69638 -0.315113 1
3.71892 -0.267855 1
3.74064 -0.22021 1
3.76151 -0.172193 1
3.78155 -0.12382 1
3.80074 -0.0751038 1
3.81908 -0.0260604 1
3.83656 0.0232955 1
3.85317 0.072949 1
3.86891 0.122885 1
3.88379 0.173088 1
3.89778 0.223543 1
3.91089 0.274234 1
3.92311 0.325147 1
3.93444 0.376265 1
3.94488 0.427573 1
3.95442 0.479055 1
3.96307 0.530697 1
3.9708 0.582481 1
3.97764 0.634392 1
3.98357 0.686415 1
3.98858 0.738533 1
3.99269 0.790731 1
3.99589 0.842992 1
3.99817 0.895302 1
3.99954 0.947643 1
4 1 1

4 1 6
3.99954 1.05236 6
3.99817 1.1047 6
3.99589 1.15701 6
3.99269 1.20927 6
3.98858 1.26147 6
3.98357 1.31359 6
3.97764 1.36561 6
3.9708 1.41752 6
3.96307 1.4693 6
3.95442 1.52094 6
3.94488 1.57243 6
3.93444 1.62374 6
3.92311 1.67485 6
3.91089 1.72577 6
3.89778 1.77646 6
3.88379 1.82691 6
3.86891 1.87712 6
3.85317 1.92705 6
3.83656 1.9767 6
3.81908 2.02606 6
3.80074 2.0751 6
3.78155 2.12382 6
3.76151 2.17219 6
3.74064 2.22021 6
3.71892 2.26785 6
3.69638 2.31511 6
3.67302 2.36197 6
3.64884 2.40841 6
3.62386 2.45443 6
3.59808 2.5 6
3.5715 2.54511 6
3.54414 2.58976 6
3.51601 2.63392 6
3.48711 2.67758 6
3.45746 2.72073 6
3.42705 2.76336 6
3.39591 2.80545 6
3.36403 2.84698 6
3.33144 2.88796 6
3.29813 2.92836 6
3.26413 2.96818 6
3.22943 3.00739 6
3.19406 3.046 6
3.15802 3.08398 6
3.12132 3.12132 6
3.08398 3.15802 6
3.046 3.19406 6
3.00739 3.22943 6
2.96818 3.26413 6
2.92836 3.29813 6
2.88796 3.33144 6
2.84698 3.36403 6
2.80545 3.39591 6
2.76336 3.42705 6
2.72073 3.45746 6
2.67758 3.48711 6
2.63392 3.51601 6
2.58976 3.54414 6
2.54511 3.5715 6
2.5 3.59808 6
2.45443 3.62386 6
2.40841 3.64884 6
2.36197 3.67302 6
2.31511 3.69638 6
2.26785 3.71892 6
2.22021 3.74064 6
2.17219 3.76151 6
2.12382 3.78155 6
2.0751 3.80074 6
2.02606 3.81908 6
1.9767 3.83656 6
1.92705 3.85317 6
1.87712 3.86891 6
1.82691 3.88379 6
1.77646 3.89778 6
1.72577 3.91089 6
1.67485 3.92311 6
1.62374 3.93444 6
1.57243 3.94488 6
1.52094 3.95442 6
1.4693 3.96307 6
1.41752 3.9708 6
1.36561 3.97764 6
1.31359 3.98357 6
1.26147 3.98858 6
1.20927 3.99269 6
1.15701 3.99589 6
1.1047 3.99817 6
1.05236 3.99954 6
1 4 6
0.947643 3.99954 6
0.895302 3.99817 6
0.842992 3.99589 6
0.790731 3.99269 6
0.738533 3.98858 6
0.686415 3.98357 6
0.634392 3.97764 6
0.582481 3.9708 6
0.530697 3.96307 6
0.479055 3.95442 6
0.427573 3.94488 6
0.376265 3.93444 6
0.325147 3.92311 6
0.274234 3.91089 6
0.223543 3.89778 6
0.173088 3.88379 6
0.122885 3.86891 6
0.072949 3.85317 6
0.0232955 3.83656 6
-0.0260604 3.81908 6
-0.0751038 3.80074 6
-0.12382 3.78155 6
-0.172193 3.76151 6
-0.22021 3.74064 6
-0.267855 3.71892 6
-0.315113 3.69638 6
-0.361971 3.67302 6
-0.408415 3.64884 6
-0.454429 3.62386 6
-0.5 3.59808 6
-0.545114 3.5715 6
-0.589758 3.54414 6
-0.633917 3.51601 6
-0.677579 3.48711 6
-0.720729 3.45746 6
-0.763356 3.42705 6
-0.805445 3.39591 6
-0.846984 3.36403 6
-0.887961 3.33144 6
-0.928363 3.29813 6
-0.968177 3.26413 6
-1.00739 3.22943 6
-1.046 3.19406 6
-1.08398 3.15802 6
-1.12132 3.12132 6
-1.15802 3.08398 6
-1.19406 3.046 6
-1.22943 3.00739 6
-1.26413 2.96818 6
-1.29813 2.92836 6
-1.33144 2.88796 6
-1.36403 2.84698 6
-1.39591 2.80545 6
-1.42705 2.76336 6
-1.45746 2.72073 6
-1.48711 2.67758 6
-1.51601 2.63392 6
-1.54414 2.58976 6
-1.5715 2.54511 6
-1.59808 2.5 6
-1.62386 2.45443 6
-1.64884 2.40841 6
-1.67302 2.36197 6
-1.69638 2.31511 6
-1.71892 2.26785 6
-1.74064 2.22021 6
-1.76151 2.17219 6
-1.78155 2.12382 6
-1.80074 2.0751 6
-1.81908 2.02606 6
-1.83656 1.9767 6
-1.85317 1.92705 6
-1.86891 1.87712 6
-1.88379 1.82691 6
-1.89778 1.77646 6
-1.91089 1.72577 6
-1.92311 1.67485 6
-1.93444 1.62374 6
-1.94488 1.57243 6
-1.95442 1.52094 6
-1.96307 1.4693 6
-1.9708 1.41752 6
-1.97764 1.36561 6
-1.98357 1.31359 6
-1.98858 1.26147 6
-1.99269 1.20927 6
-1.99589 1.15701 6
-1.99817 1.1047 6
-1.99954 1.05236 6
-2 1 6
-1.99954 0.947643 6
-1.99817 0.895302 6
-1.99589 0.842992 6
-1.99269 0.790731 6
-1.98858 0.738533 6
-1.98357 0.686415 6
-1.97764 0.634392 6
-1.9708 0.582481 6
-1.96307 0.530697 6
-1.95442 0.479055 6
-1.94488 0.427573 6
-1.93444 0.376265 6
-1.92311 0.325147 6
-1.91089 0.274234 6
-1.89778 0.223543 6
-1.88379 0.173088 6
-1.86891 0.122885 6
-1.85317 0.072949 6
-1.83656 0.0232955 6
-1.81908 -0.0260604 6
-1.80074 -0.0751038 6
-1.78155 -0.12382 6
-1.76151 -0.172193 6
-1.74064 -0.22021 6
-1.71892 -0.267855 6
-1.69638 -0.315113 6
-1.67302 -0.361971 6
-1.64884 -0.408415 6
-1.62386 -0.454429 6
-1.59808 -0.5 6
-1.5715 -0.545114 6
-1.54414 -0.589758 6
-1.51601 -0.633917 6
-1.48711 -0.677579 6
-1.45746 -0.720729 6
-1.42705 -0.763356 6
-1.39591 -0.805445 6
-1.36403 -0.846984 6
-1.33144 -0.887961 6
-1.29813 -0.928363 6
-1.26413 -0.968177 6
-1.22943 -1.00739 6
-1.19406 -1.046 6
-1.15802 -1.08398 6
-1.12132 -1.12132 6
-1.08398 -1.15802 6
-1.046 -1.19406 6
-1.00739 -1.22943 6
-0.968177 -1.26413 6
-0.928363 -1.29813 6
-0.887961 -1.33144 6
-0.846984 -1.36403 6
-0.805445 -1.39591 6
-0.763356 -1.42705 6
-0.720729 -1.45746 6
-0.677579 -1.48711 6
-0.633917 -1.51601 6
-0.589758 -1.54414 6
-0.545114 -1.5715 6
-0.5 -1.59808 6
-0.454429 -1.62386 6
-0.408415 -1.64884 6
-0.361971 -1.67302 6
-0.315113 -1.69638 6
-0.267855 -1.71892 6
-0.22021 -1.74064 6
-0.172193 -1.76151 6
-0.12382 -1.78155 6
-0.0751038 -1.80074 6
-0.0260604 -1.81908 6
0.0232955 -1.83656 6
0.072949 -1.85317 6
0.122885 -1.86891 6
0.173088 -1.88379 6
0.223543 -1.89778 6
0.274234 -1.91089 6
0.325147 -1.92311 6
0.376265 -1.93444 6
0.427573 -1.94488 6
0.479055 -1.95442 6
0.530697 -1.96307 6
0.582481 -1.9708 6
0.634392 -1.97764 6
0.686415 -1.98357 6
0.738533 -1.98858 6
0.790731 -1.99269 6
0.842992 -1.99589 6
0.895302 -1.99817 6
0.947643 -1.99954 6
1 -2 6
1.05236 -1.99954 6
1.1047 -1.99817 6
1.15701 -1.99589 6
1.20927 -1.99269 6
1.26147 -1.98858 6
1.31359 -1.98357 6
1.36561 -1.97764 6
1.41752 -1.9708 6
1.4693 -1.96307 6
1.52094 -1.95442 6
1.57243 -1.94488 6
1.62374 -1.93444 6
1.67485 -1.92311 6
1.72577 -1.91089 6
1.77646 -1.89778 6
1.82691 -1.88379 6
1.87712 -1.86891 6
1.92705 -1.85317 6
1.9767 -1.83656 6
2.02606 -1.81908 6
2.0751 -1.80074 6
2.12382 -1.78155 6
2.17219 -1.76151 6
2.22021 -1.74064 6
2.26785 -1.71892 6
2.31511 -1.69638 6
2.36197 -1.67302 6
2.40841 -1.64884 6
2.45443 -1.62386 6
2.5 -1.59808 6
2.54511 -1.5715 6
2.58976 -1.54414 6
2.63392 -1.51601 6
2.67758 -1.48711 6
2.72073 -1.45746 6
2.76336 -1.42705 6
2.80545 -1.39591 6
2.84698 -1.36403 6
2.88796 -1.33144 6
2.92836 -1.29813 6
2.96818 -1.26413 6
3.00739 -1.22943 6
3.046 -1.19406 6
3.08398 -1.15802 6
3.12132 -1.12132 6
3.15802 -1.08398 6
3.19406 -1.046 6
3.22943 -1.00739 6
3.26413 -0.968177 6
3.29813 -0.928363 6
3.33144 -0.887961 6
3.36403 -0.846984 6
3.39591 -0.805445 6
3.42705 -0.763356 6
3.45746 -0.720729 6
3.48711 -0.677579 6
3.51601 -0.633917 6
3.54414 -0.589758 6
3.5715 -0.545114 6
3.59808 -0.5 6
3.62386 -0.454429 6
3.64884 -0.408415 6
3.67302 -0.361971 6
3.69638 -0.315113 6
3.71892 -0.267855 6
3.74064 -0.22021 6
3.76151 -0.172193 6
3.78155 -0.12382 6
3.80074 -0.0751038 6
3.81908 -0.0260604 6
3.83656 0.0232955 6
3.85317 0.072949 6
3.86891 0.122885 6
3.88379 0.173088 6
3.89778 0.223543 6
3.91089 0.274234 6
3.92311 0.325147 6
3.93444 0.376265 6
3.94488 0.427573 6
3.95442 0.479055 6
3.96307 0.530697 6
3.9708 0.582481 6
3.97764 0.634392 6
3.98357 0.686415 6
3.98858 0.738533 6
3.99269 0.790731 6
3.99589 0.842992 6
3.99817 0.895302 6
3.99954 0.947643 6
4 1 6

4 1 1
4 1 6

3.99954 1.05236 1
3.99954 1.05236 6

3.99817 1.1047 1
3.99817 1.1047 6

3.99589 1.15701 1
3.99589 1.15701 6

3.99269 1.20927 1
3.99269 1.20927 6

3.98858 1.26147 1
3.98858 1.26147 6

3.98357 1.31359 1
3.98357 1.31359 6

3.97764 1.36561 1
3.97764 1.36561 6

3.9708 1.41752 1
3.9708 1.41752 6

3.96307 1.4693 1
3.96307 1.4693 6

3.95442 1.52094 1
3.95442 1.52094 6

3.94488 1.57243 1
3.94488 1.57243 6

3.93444 1.62374 1
3.93444 1.62374 6

3.92311 1.67485 1
3.92311 1.67485 6

3.91089 1.72577 1
3.91089 1.72577 6

3.89778 1.77646 1
3.89778 1.77646 6

3.88379 1.82691 1
3.88379 1.82691 6

3.86891 1.87712 1
3.86891 1.87712 6

3.85317 1.92705 1
3.85317 1.92705 6

3.83656 1.9767 1
3.83656 1.9767 6

3.81908 2.02606 1
3.81908 2.02606 6

3.80074 2.0751 1
3.80074 2.0751 6

3.78155 2.12382 1
3.78155 2.12382 6

3.76151 2.17219 1
3.76151 2.17219 6

3.74064 2.22021 1
3.74064 2.22021 6

3.71892 2.26785 1
3.71892 2.26785 6

3.69638 2.31511 1
3.69638 2.31511 6

3.67302 2.36197 1
3.67302 2.36197 6

3.64884 2.40841 1
3.64884 2.40841 6

3.62386 2.45443 1
3.62386 2.45443 6

3.59808 2.5 1
3.59808 2.5 6

3.5715 2.54511 1
3.5715 2.54511 6

3.54414 2.58976 1
3.54414 2.58976 6

3.51601 2.63392 1
3.51601 2.63392 6

3.48711 2.67758 1
3.48711 2.67758 6

3.45746 2.72073 1
3.45746 2.72073 6

3.42705 2.76336 1
3.42705 2.76336 6

3.39591 2.80545 1
3.39591 2.80545 6

3.36403 2.84698 1
3.36403 2.84698 6

3.33144 2.88796 1
3.33144 2.88796 6

3.29813 2.92836 1
3.29813 2.92836 6

3.26413 2.96818 1
3.26413 2.96818 6

3.22943 3.00739 1
3.22943 3.00739 6

3.19406 3.046 1
3.19406 3.046 6

3.15802 3.08398 1
3.15802 3.08398 6

3.12132 3.12132 1
3.12132 3.12132 6

3.08398 3.15802 1
3.08398 3.15802 6

3.046 3.19406 1
3.046 3.19406 6

3.00739 3.22943 1
3.00739 3.22943 6

2.96818 3.26413 1
2.96818 3.26413 6

2.92836 3.29813 1
2.92836 3.29813 6

2.88796 3.33144 1
2.88796 3.33144 6

2.84698 3.36403 1
2.84698 3.36403 6

2.80545 3.39591 1
2.80545 3.39591 6

2.76336 3.42705 1
2.76336 3.42705 6

2.72073 3.45746 1
2.72073 3.45746 6

2.67758 3.48711 1
2.67758 3.48711 6

2.63392 3.51601 1
2.63392 3.51601 6

2.58976 3.54414 1
2.58976 3.54414 6

2.54511 3.5715 1
2.54511 3.5715 6

2.5 3.59808 1
2.5 3.59808 6

2.45443 3.62386 1
2.45443 3.62386 6

2.40841 3.64884 1
2.40841 3.64884 6

2.36197 3.67302 1
2.36197 3.67302 6

2.31511 3.69638 1
2.31511 3.69638 6

2.26785 3.71892 1
2.26785 3.71892 6

2.22021 3.74064 1
2.22021 3.74064 6

2.17219 3.76151 1
2.17219 3.76151 6

2.12382 3.78155 1
2.12382 3.78155 6

2.0751 3.80074 1
2.0751 3.80074 6

2.02606 3.81908 1
2.02606 3.81908 6

1.9767 3.83656 1
1.9767 3.83656 6

1.92705 3.85317 1
1.92705 3.85317 6

1.87712 3.86891 1
1.87712 3.86891 6

1.82691 3.88379 1
1.82691 3.88379 6

1.77646 3.89778 1
1.77646 3.89778 6

1.72577 3.91089 1
1.72577 3.91089 6

1.67485 3.92311 1
1.67485 3.92311 6

1.62374 3.93444 1
1.62374 3.93444 6

1.57243 3.94488 1
1.57243 3.94488 6

1.52094 3.95442 1
1.52094 3.95442 6

1.4693 3.96307 1
1.4693 3.96307 6

1.41752 3.9708 1
1.41752 3.9708 6

1.36561 3.97764 1
1.36561 3.97764 6

1.31359 3.98357 1
1.31359 3.98357 6

1.26147 3.98858 1
1.26147 3.98858 6

1.20927 3.99269 1
1.20927 3.99269 6

1.15701 3.99589 1
1.15701 3.99589 6

1.1047 3.99817 1
1.1047 3.99817 6

1.05236 3.99954 1
1.05236 3.99954 6

1 4 1
1 4 6

0.947643 3.99954 1
0.947643 3.99954 6

0.895302 3.99817 1
0.895302 3.99817 6

0.842992 3.99589 1
0.842992 3.99589 6

0.790731 3.99269 1
0.790731 3.99269 6

0.738533 3.98858 1
0.738533 3.98858 6

0.686415 3.98357 1
0.686415 3.98357 6

0.634392 3.97764 1
0.634392 3.97764 6

0.582481 3.9708 1
0.582481 3.9708 6

0.530697 3.96307 1
0.530697 3.96307 6

0.479055 3.95442 1
0.479055 3.95442 6

0.427573 3.94488 1
0.427573 3.94488 6

0.376265 3.93444 1
0.376265 3.93444 6

0.325147 3.92311 1
0.325147 3.92311 6

0.274234 3.91089 1
0.274234 3.91089 6

0.223543 3.89778 1
0.223543 3.89778 6

0.173088 3.88379 1
0.173088 3.88379 6

0.122885 3.86891 1
0.122885 3.86891 6

0.072949 3.85317 1
0.072949 3.85317 6

0.0232955 3.83656 1
0.0232955 3.83656 6

-0.0260604 3.81908 1
-0.0260604 3.81908 6

-0.0751038 3.80074 1
-0.0751038 3.80074 6

-0.12382 3.78155 1
-0.12382 3.78155 6

-0.172193 3.76151 1
-0.172193 3.76151 6

-0.22021 3.74064 1
-0.22021 3.74064 6

-0.267855 3.71892 1
-0.267855 3.71892 6

-0.315113 3.69638 1
-0.315113 3.69638 6

-0.361971 3.67302 1
-0.361971 3.67302 6

-0.408415 3.64884 1
-0.408415 3.64884 6

-0.454429 3.62386 1
-0.454429 3.62386 6

-0.5 3.59808 1
-0.5 3.59808 6

-0.545114 3.5715 1
-0.545114 3.5715 6

-0.589758 3.54414 1
-0.589758 3.54414 6

-0.633917 3.51601 1
-0.633917 3.51601 6

-0.677579 3.48711 1
-0.677579 3.48711 6

-0.720729 3.45746 1
-0.720729 3.45746 6

-0.763356 3.42705 1
-0.763356 3.42705 6

-0.805445 3.39591 1
-0.805445 3.39591 6

-0.846984 3.36403 1
-0.846984 3.36403 6

-0.887961 3.33144 1
-0.887961 3.33144 6

-0.928363 3.29813 1
-0.928363 3.29813 6

-0.968177 3.26413 1
-0.968177 3.26413 6

-1.00739 3.22943 1
-1.00739 3.22943 6

-1.046 3.19406 1
-1.046 3.19406 6

-1.08398 3.15802 1
-1.08398 3.15802 6

-1.12132 3.12132 1
-1.12132 3.12132 6

-1.15802 3.08398 1
-1.15802 3.08398 6

-1.19406 3.046 1
-1.19406 3.046 6

-1.22943 3.00739 1
-1.22943 3.00739 6

-1.26413 2.96818 1
-1.26413 2.96818 6

-1.29813 2.92836 1
-1.29813 2.92836 6

-1.33144 2.88796 1
-1.33144 2.88796 6

-1.36403 2.84698 1
-1.36403 2.84698 6

-1.39591 2.80545 1
-1.39591 2.80545 6

-1.42705 2.76336 1
-1.42705 2.76336 6

-1.45746 2.72073 1
-1.45746 2.72073 6

-1.48711 2.67758 1
-1.48711 2.67758 6

-1.51601 2.63392 1
-1.51601 2.63392 6

-1.54414 2.58976 1
-1.54414 2.58976 6

-1.5715 2.54511 1
-1.5715 2.54511 6

-1.59808 2.5 1
-1.59808 2.5 6

-1.62386 2.45443 1
-1.62386 2.45443 6

-1.64884 2.40841 1
-1.64884 2.40841 6

-1.67302 2.36197 1
-1.67302 2.36197 6

-1.69638 2.31511 1
-1.69638 2.31511 6

-1.71892 2.26785 1
-1.71892 2.26785 6

-1.74064 2.22021 1
-1.74064 2.22021 6

-1.76151 2.17219 1
-1.76151 2.17219 6

-1.78155 2.12382 1
-1.78155 2.12382 6

-1.80074 2.0751 1
-1.80074 2.0751 6

-1.81908 2.02606 1
-1.81908 2.02606 6

-1.83656 1.9767 1
-1.83656 1.9767 6

-1.85317 1.92705 1
-1.85317 1.92705 6

-1.86891 1.87712 1
-1.86891 1.87712 6

-1.88379 1.82691 1
-1.88379 1.82691 6

-1.89778 1.77646 1
-1.89778 1.77646 6

-1.91089 1.72577 1
-1.91089 1.72577 6

-1.92311 1.67485 1
-1.92311 1.67485 6

-1.93444 1.62374 1
-1.93444 1.62374 6

-1.94488 1.57243 1
-1.94488 1.57243 6

-1.95442 1.52094 1
-1.95442 1.52094 6

-1.96307 1.4693 1
-1.96307 1.4693 6

-1.9708 1.41752 1
-1.9708 1.41752 6

-1.97764 1.36561 1
-1.97764 1.36561 6

-1.98357 1.31359 1
-1.98357 1.31359 6

-1.98858 1.26147 1
-1.98858 1.26147 6

-1.99269 1.20927 1
-1.99269 1.20927 6

-1.99589 1.15701 1
-1.99589 1.15701 6

-1.99817 1.1047 1
-1.99817 1.1047 6

-1.99954 1.05236 1
-1.99954 1.05236 6

-2 1 1
-2 1 6

-1.99954 0.947643 1
-1.99954 0.947643 6

-1.99817 0.895302 1
-1.99817 0.895302 6

-1.99589 0.842992 1
-1.99589 0.842992 6

-1.99269 0.790731 1
-1.99269 0.790731 6

-1.98858 0.738533 1
-1.98858 0.738533 6

-1.98357 0.686415 1
-1.98357 0.686415 6

-1.97764 0.634392 1
-1.97764 0.634392 6

-1.9708 0.582481 1
-1.9708 0.582481 6

-1.96307 0.530697 1
-1.96307 0.530697 6

-1.95442 0.479055 1
-1.95442 0.479055 6

-1.94488 0.427573 1
-1.94488 0.427573 6

-1.93444 0.376265 1
-1.93444 0.376265 6

-1.92311 0.325147 1
-1.92311 0.325147 6

-1.91089 0.274234 1
-1.91089 0.274234 6

-1.89778 0.223543 1
-1.89778 0.223543 6

-1.88379 0.173088 1
-1.88379 0.173088 6

-1.86891 0.122885 1
-1.86891 0.122885 6

-1.85317 0.072949 1
-1.85317 0.072949 6

-1.83656 0.0232955 1
-1.83656 0.0232955 6

-1.81908 -0.0260604 1
-1.81908 -0.0260604 6

-1.80074 -0.0751038 1
-1.80074 -0.0751038 6

-1.78155 -0.12382 1
-1.78155 -0.12382 6

-1.76151 -0.172193 1
-1.76151 -0.172193 6

-1.74064 -0.22021 1
-1.74064 -0.22021 6

-1.71892 -0.267855 1
-1.71892 -0.267855 6

-1.69638 -0.315113 1
-1.69638 -0.315113 6

-1.67302 -0.361971 1
-1.67302 -0.361971 6

-1.64884 -0.408415 1
-1.64884 -0.408415 6

-1.62386 -0.454429 1
-1.62386 -0.454429 6

-1.59808 -0.5 1
-1.59808 -0.5 6

-1.5715 -0.545114 1
-1.5715 -0.545114 6

-1.54414 -0.589758 1
-1.54414 -0.589758 6

-1.51601 -0.633917 1
-1.51601 -0.633917 6

-1.48711 -0.677579 1
-1.48711 -0.677579 6

-1.45746 -0.720729 1
-1.45746 -0.720729 6

-1.42705 -0.763356 1
-1.42705 -0.763356 6

-1.39591 -0.805445 1
-1.39591 -0.805445 6

-1.36403 -0.846984 1
-1.36403 -0.846984 6

-1.33144 -0.887961 1
-1.33144 -0.887961 6

-1.29813 -0.928363 1
-1.29813 -0.928363 6

-1.26413 -0.968177 1
-1.26413 -0.968177 6

-1.22943 -1.00739 1
-1.22943 -1.00739 6

-1.19406 -1.046 1
-1.19406 -1.046 6

-1.15802 -1.08398 1
-1.15802 -1.08398 6

-1.12132 -1.12132 1
-1.12132 -1.12132 6

-1.08398 -1.15802 1
-1.08398 -1.15802 6

-1.046 -1.19406 1
-1.046 -1.19406 6

-1.00739 -1.22943 1
-1.00739 -1.22943 6

-0.968177 -1.26413 1
-0.968177 -1.26413 6

-0.928363 -1.29813 1
-0.928363 -1.29813 6

-0.887961 -1.33144 1
-0.887961 -1.33144 6

-0.846984 -1.36403 1
-0.846984 -1.36403 6

-0.805445 -1.39591 1
-0.805445 -1.39591 6

-0.763356 -1.42705 1
-0.763356 -1.42705 6

-0.720729 -1.45746 1
-0.720729 -1.45746 6

-0.677579 -1.48711 1
-0.677579 -1.48711 6

-0.633917 -1.51601 1
-0.633917 -1.51601 6

-0.589758 -1.54414 1
-0.589758 -1.54414 6

-0.545114 -1.5715 1
-0.545114 -1.5715 6

-0.5 -1.59808 1
-0.5 -1.59808 6

-0.454429 -1.62386 1
-0.454429 -1.62386 6

-0.408415 -1.64884 1
-0.408415 -1.64884 6

-0.361971 -1.67302 1
-0.361971 -1.67302 6

-0.315113 -1.69638 1
-0.315113 -1.69638 6

-0.267855 -1.71892 1
-0.267855 -1.71892 6

-0.22021 -1.74064 1
-0.22021 -1.74064 6

-0.172193 -1.76151 1
-0.172193 -1.76151 6

-0.12382 -1.78155 1
-0.12382 -1.78155 6

-0.0751038 -1.80074 1
-0.0751038 -1.80074 6

-0.0260604 -1.81908 1
-0.0260604 -1.81908 6

0.0232955 -1.83656 1
0.0232955 -1.83656 6

0.072949 -1.85317 1
0.072949 -1.85317 6

0.122885 -1.86891 1
0.122885 -1.86891 6

0.173088 -1.88379 1
0.173088 -1.88379 6

0.223543 -1.89778 1
0.223543 -1.89778 6

0.274234 -1.91089 1
0.274234 -1.91089 6

0.325147 -1.92311 1
0.325147 -1.92311 6

0.376265 -1.93444 1
0.376265 -1.93444 6

0.427573 -1.94488 1
0.427573 -1.94488 6

0.479055 -1.95442 1
0.479055 -1.95442 6

0.530697 -1.96307 1
0.530697 -1.96307 6

0.582481 -1.9708 1
0.582481 -1.9708 6

0.634392 -1.97764 1
0.634392 -1.97764 6

0.686415 -1.98357 1
0.686415 -1.98357 6

0.738533 -1.98858 1
0.738533 -1.98858 6

0.790731 -1.99269 1
0.790731 -1.99269 6

0.842992 -1.99589 1
0.842992 -1.99589 6

0.895302 -1.99817 1
0.895302 -1.99817 6

0.947643 -1.99954 1
0.947643 -1.99954 6

1 -2 1
1 -2 6

1.05236 -1.99954 1
1.05236 -1.99954 6

1.1047 -1.99817 1
1.1047 -1.99817 6

1.15701 -1.99589 1
1.15701 -1.99589 6

1.20927 -1.99269 1
1.20927 -1.99269 6

1.26147 -1.98858 1
1.26147 -1.98858 6

1.31359 -1.98357 1
1.31359 -1.98357 6

1.36561 -1.97764 1
1.36561 -1.97764 6

1.41752 -1.9708 1
1.41752 -1.9708 6

1.4693 -1.96307 1
1.4693 -1.96307 6

1.52094 -1.95442 1
1.52094 -1.95442 6

1.57243 -1.94488 1
1.57243 -1.94488 6

1.62374 -1.93444 1
1.62374 -1.93444 6

1.67485 -1.92311 1
1.67485 -1.92311 6

1.72577 -1.91089 1
1.72577 -1.91089 6

1.77646 -1.89778 1
1.77646 -1.89778 6

1.82691 -1.88379 1
1.82691 -1.88379 6

1.87712 -1.86891 1
1.87712 -1.86891 6

1.92705 -1.85317 1
1.92705 -1.85317 6

1.9767 -1.83656 1
1.9767 -1.83656 6

2.02606 -1.81908 1
2.02606 -1.81908 6

2.0751 -1.80074 1
2.0751 -1.80074 6

2.12382 -1.78155 1
2.12382 -1.78155 6

2.17219 -1.76151 1
2.17219 -1.76151 6

2.22021 -1.74064 1
2.22021 -1.74064 6

2.26785 -1.71892 1
2.26785 -1.71892 6

2.31511 -1.69638 1
2.31511 -1.69638 6

2.36197 -1.67302 1
2.36197 -1.67302 6

2.40841 -1.64884 1
2.40841 -1.64884 6

2.45443 -1.62386 1
2.45443 -1.62386 6

2.5 -1.59808 1
2.5 -1.59808 6

2.54511 -1.5715 1
2.54511 -1.5715 6

2.58976 -1.54414 1
2.58976 -1.54414 6

2.63392 -1.51601 1
2.63392 -1.51601 6

2.67758 -1.48711 1
2.67758 -1.48711 6

2.72073 -1.45746 1
2.72073 -1.45746 6

2.76336 -1.42705 1
2.76336 -1.42705 6

2.80545 -1.39591 1
2.80545 -1.39591 6

2.84698 -1.36403 1
2.84698 -1.36403 6

2.88796 -1.33144 1
2.88796 -1.33144 6

2.92836 -1.29813 1
2.92836 -1.29813 6

2.96818 -1.26413 1
2.96818 -1.26413 6

3.00739 -1.22943 1
3.00739 -1.22943 6

3.046 -1.19406 1
3.046 -1.19406 6

3.08398 -1.15802 1
3.08398 -1.15802 6

3.12132 -1.12132 1
3.12132 -1.12132 6

3.15802 -1.08398 1
3.15802 -1.08398 6

3.19406 -1.046 1
3.19406 -1.046 6

3.22943 -1.00739 1
3.22943 -1.00739 6

3.26413 -0.968177 1
3.26413 -0.968177 6

3.29813 -0.928363 1
3.29813 -0.928363 6

3.33144 -0.887961 1
3.33144 -0.887961 6

3.36403 -0.846984 1
3.36403 -0.846984 6

3.39591 -0.805445 1
3.39591 -0.805445 6

3.42705 -0.763356 1
3.42705 -0.763356 6

3.45746 -0.720729 1
3.45746 -0.720729 6

3.48711 -0.677579 1
3.48711 -0.677579 6

3.51601 -0.633917 1
3.51601 -0.633917 6

3.54414 -0.589758 1
3.54414 -0.589758 6

3.5715 -0.545114 1
3.5715 -0.545114 6

3.59808 -0.5 1
3.59808 -0.5 6

3.62386 -0.454429 1
3.62386 -0.454429 6

3.64884 -0.408415 1
3.64884 -0.408415 6

3.67302 -0.361971 1
3.67302 -0.361971 6

3.69638 -0.315113 1
3.69638 -0.315113 6

3.71892 -0.267855 1
3.71892 -0.267855 6

3.74064 -0.22021 1
3.74064 -0.22021 6

3.76151 -0.172193 1
3.76151 -0.172193 6

3.78155 -0.12382 1
3.78155 -0.12382 6

3.80074 -0.0751038 1
3.80074 -0.0751038 6

3.81908 -0.0260604 1
3.81908 -0.0260604 6

3.83656 0.0232955 1
3.83656 0.0232955 6

3.85317 0.072949 1
3.85317 0.072949 6

3.86891 0.122885 1
3.86891 0.122885 6

3.88379 0.173088 1
3.88379 0.173088 6

3.89778 0.223543 1
3.89778 0.223543 6

3.91089 0.274234 1
3.91089 0.274234 6

3.92311 0.325147 1
3.92311 0.325147 6

3.93444 0.376265 1
3.93444 0.376265 6

3.94488 0.427573 1
3.94488 0.427573 6

3.95442 0.479055 1
3.95442 0.479055 6

3.96307 0.530697 1
3.96307 0.530697 6

3.9708 0.582481 1
3.9708 0.582481 6

3.97764 0.634392 1
3.97764 0.634392 6

3.98357 0.686415 1
3.98357 0.686415 6

3.98858 0.738533 1
3.98858 0.738533 6

3.99269 0.790731 1
3.99269 0.790731 6

3.99589 0.842992 1
3.99589 0.842992 6

3.99817 0.895302 1
3.99817 0.895302 6

3.99954 0.947643 1
3.99954 0.947643 6

4 1 1
4 1 6

